uerborum 61 elocutionum. 491

16 666 1661661661 616 ineffabili 6166 166116 (= scriptural: 6615611611 46, 7.
dignatione conloquitur 172, 23. pro Regum 55, 24. 66666166 108, 2. cs.
1661616 6166 66166166 6666 66166- 116,15 128, 22. 129, 5. 130, 21.
ditur 18916. 661111 6661, 66 6616 143, 8. 147, 14. 153,4.155,14. 175,
666 161666111 329, 5 (66616 66516 21.
1161616661616616161161661666661- 115616 16 dapibus 66666 361, 16.
mandauit 437, 1). libellus dotis 873, 24.

1616-111616,22.28. 36, 30. 5318. 63, 1151616 aequalitatem unius 6616111166
15. 65, 21. 88, 31. 89, 1. 3. 4. 5. 6. 665 quadum mysterii 16666 114, 2.
128, 10. 169, 21. 190, 17. 217, 2. 3. libri 666661661166 268,10.

242, 15. 254, 7. 9 616. (contra 1116- 11661 stiam 49, 8.
—illo 3, 24. 7, 15. 15, 21. 65, 28. litterulae 36612.
71, 20. 79, 16. 134, 18. 136, 5. 311, 1664161166Ρ666166666116166166666616
6. 316, 26). ita sint 20, 25. 23, 21. 51, 3. 76, 6.

116 6516111611 66 excusationi 1161166 78, 26. 79, 29. 8817. 95, 39. 140,
1666166166 116 pagiuam dilatamus 22. 174, 24. 178, 18. 269, 3. 337,
355, 27. 6661 61 666 116 6161616 10 (quaa 6616 6161 115, 19. 1891
confido 420, 25. — itane 6116611- [codun SJ). - 666116 661813.
6616 16 illo non luit, 16 66661 13, 29. 31, 19. 35, 3. 47, 18. 50, 28.
tanta 666666616611. 61, 23. 62, 10. 18. 64, 24. 88, 28.

iteratio baptismatis 47, 13. 93, 29. 95, 12. 97, 6. 11312. 118,

iubere 61 44, 26. 423, 2. - aliosi: qui 9. 132, 23. 133, 25. 134, 9. 13913.
1151 iussit quaerore 338, 18. 144,18. 152, 2. 187, 8. 29112. 306,

1611661611 (1666616111 16 aliqua 16 95, 8. 3. 338, 31. ·- ubi 66111161 10, 17.

iugiter 91, 19. 171, 15. 276, 20. 295, 32, 14. 34, 14. 232, 5. 9.

20. 31916. 322, 14. 400, 6. 414, 10. longaauitaa 211, 1. 215, 13. 218, 10.

iussio 374, 17. 40311. 426, 5. 219, 16. 386, 27.

166666116 401, 5. longanimitas 55,1. 8519.

iuxta (ε666661616) 6, 17. 17, 18. 18, longe 661566 6566161 rationo 86,14. - .

22. 58,11. 60, 24. 67, 16. 68, 13. longo molius 400, 24.
73, 9. 29. 78, 6. 22. 79, 17. 130, 4. loqui gratiam 7, 22 61463. 113, 24.
1344.137‚7.151,25.165,17.168, 121, 5. 138, 11. 146, 24. 154, 5.
8. 171, 8. 172,11. 1715616. 378, 18015. 194, 16. 206, 10. 228, 27.
7. 386, 17. 888, 27. 39014. 391, 253, 26.
7. 397, 7. 399, 17. 26. 400, 28. 401, luotamau 25, 3. 26, 14.
10 616. 166166 lau„- 6611661661 aerumnis 61
luculos 6166616 37815.
Laotea sinceritas 20814. 1616166161 161666 sancto meritissimo
laesura 281, 11. iu Christi luminaria praeferendo
laetari aliquam: laetamur inuentum 448, 14.
438, 20. lassus 6615616111 16166661 Faustum:

languore (= aegrotare) 27, 29. -lan- 61666661 6161 poculi, 661 6166-

grentes (ε aegroti) 352, 25. 438, 6661 sapor 666661 16, 19. mol
11. 661, 6661 66666111 . . 161 661, 6661
languor (= morbus) 69,19. 3531. 166666111 162066661616666666-
21. 1616 16116666161, 661 66661161
lanx mystarii 114, 2. 161166666166148,21. humano
lapidator 238, 6. 616 6161616 17226. 661 661-
1661111 nobiles 356, 8. stulm 16666 6166 fastu 666166
largitor (= 6616116611, 6666616161161) 61616161 181, 15. 116 6166616161
79, 14. accipiens, utnon 1616616161 16·
1666616161 1661661 66611661 debemus 6111666 217,19. 6144315. 616656
16661ἒ91666ἷ171616 rigare quarn laua— lamllnli 1611166111ἶὲ6, 2lt 1666
lauaclllperllaiauitam,1. l liliati: lllallraaulllrum'gaudgilullr

 

