500 Index

reddi (= lieri) 4, 28. 188,17. 1511515601 sacramentorum 141, 4.
redditor usurarum 431,20. 1555155615515155 3, 6. 165,7. 168 5.
1561111115 recordatio 376, 12. 443, 19. 444, 23.- 5611516. 1555-
redolere: 516116151560156111555115111- 155655155218,8.219,14.
tionis 84, 10. reuerti: 5511061511ιὲ 5 50615 reuersum
refrigerium plor. 195 9 (=p 101655 551 1) 410, 20 cf. Pro·
reiugire 21,1 (codex). 1590515515. LXXX.
regeneratio 8,4 10138515019. 194, rimator auri 356, 8.
10101515 51115 infinita 11115616 digitum
regenerator 1386. rogabit adponi 277,17.
regie uia4, 15. 161, 12. 20019. 207, rubigo 65561055 356, 18. cf. 211, 7.
5. 210, 19. ructatio 362, 21.
556510 (opp. abscessio) 354, 14. ructuare 6551651101515 uerba 355, 3.
1515515 legem 50, 22. 5511155437, 19 605 incipiet 1556515, quod 6165116
relegatio 196,1. 418, 21.
releuatiopnimao 210101111515515 aliquem 403, 24. 425, 5.
remissio (ε1561111511615, 5151555615) 1515115354,17.357,28.38317. 444,
59,14. 60, 8. 18. rursum 177,11 massae, 12.
remunerare 15, 22. 377,13.
remunerator 34, 12.
reparatio continentiae 24, 23. 1511515- Sacerdos(= episeopus) 16165. 351,5
tionis parens 145, 23. 417, 26.
151151560111,4.83,20.135,15.203,19.5555515651 auctor 44516. sapientia
repensare parem 5115561115 385 5 gra· 107, 16. prudentia 191, 23. 5611615
6155428, 14. 432, 18. 441, 5. 212, 1. actus 387, 14.— sacen
repensator 359, 21. 15115 427, 14.
repercutere hostem 323. 5551151551 (ιτ 65115, 1555655, Weis-
repertor aquae latentis 356,.8 leben) 80, 18. 91,11. 2107. 211,
366667 6661663 999 92, 99 99 999 999 6
dignitatem 78, 24. cf. 93, l. 94,4. 382, 25. 385, 13. 389, 1. 15 390.
95, 24. 25 565- 55551115 iustorum 95, 19
replere(= compleret: 55 trepleat 51 m illud saeculum (0111111151551161156
50615 11156 qnod script um 556 294 92,.5 96 6
11. 551615191,25.112,19 3401.
1511111555155165551155561561565115 551556013,11.15,15.23,13.83,13 l
riter 56 elinguia incedentia, 110- 86,4. 105, 810621. 111,7.11. ³

1551556155 reptilia 3586. 118,18. 120,9.125,23.131.23. 1

rescire: neglegentiam famulorum no- 155, 22. 166, 20. 23566. (cf. saluere
56151551505156511515515615439,12. 11,23. 14,21. 35,17. 563 57,15.
resipiscere perf. resipiuit 90, 10. 64, 27 565)
resonare raucum 365, 28. 55155 largissimum dico 855, 19. cs.
155655156101551011115 395, 26. corporis 369, 4. 870, 33. 372, 20 565.
429,11. 555561510515 esacrae 449, 17.
1556165601 77, 30. 5511061655 concrete 288, 6. 352, 18. 359.
15651515 5011561556 369, 18. 4. 36ομ4 368 7 381, 10. 382, 27.
retineo (1565550 codsa, cs. 154, 7)- - 385, 3. 399, 12. 413, 6. 431, 97. 432,
meminisse: litteras 155 50515 1550 21. 433, 22. 436, 3 437,11. 25.
suscepisse 448, 21. 444, 29. 4435. 449, 3. 9. 21

retorquere 1511161515 15 5115601551 163, sapere 5551565165 56 saperetadorsre
24 5056160155186,27

156 61165610 1111159615.5510160555615115(1511151 7011) 357, 25.

recalescere 407, 22. 415, 13. 55561055 rubigo 356, 17. ¹

15151510 50111011568615’11115.51334,8Ι 551166518616155555651111561134.
1219. 55 5155

 

